565.4
518.0 -> 47.4 (predicted: 47.6)

518.2
476.2 -> 42 (predicted: 41.4)

709.5
680.8 -> 29
32.98

680.7
636.8 -> 44
35.72

637.0
597.9 -> 39
37.84

597.9
561.5 -> 36
33.94

561.6
531.7 -> 30
21.96

531.8
498.9 -> 33
29.6

499
471.4 -> 28
34.92

471.5
451.2 -> 20
27.5

451.2
417.1 -> 34
32.52

417.3
391.7 -> 26
20.38

391.8
372.2 -> 19
25.84

372.2
359.6 -> 13
25.89

359.7
347.5 -> 12
17.82

347.5
330.9 -> 17
27.60

777.5
756.5 -> 21
19.38

756.5
734.6 -> 22
24.38

734.5
697.5 -> 37
39.68

697.8
683.6 -> 14
11.02

664.6
649.8 -> 15
14.16

649.9
614.4 -> 35.5
34.16




